[INFO] [1741191944.537389]: Processing GraspNet output
Transformation Matrix (base to camera_color):
 [[ 0.07666269 -0.99643649  0.03517323  0.36042   ]
 [-0.99644707 -0.07533428  0.037656   -0.09127425]
 [-0.03487206 -0.03793507 -0.99867155  0.50775049]
 [ 0.          0.          0.          1.        ]]
Transformation Matrix (camera_color to camera_depth):
 [[ 1.00000000e+00  0.00000000e+00  0.00000000e+00 -1.48000000e-02]
 [ 0.00000000e+00  1.00000000e+00  0.00000000e+00 -2.03725925e-14]
 [ 0.00000000e+00  0.00000000e+00  1.00000000e+00 -3.89577259e-13]
 [ 0.00000000e+00  0.00000000e+00  0.00000000e+00  1.00000000e+00]]
Transformation Matrix (camera_depth to graspnet):
 [[-9.69540004e-11 -1.00000000e+00  4.46313834e-12  0.00000000e+00]
 [ 1.00000000e+00 -9.69540004e-11  3.04086299e-11  0.00000000e+00]
 [-3.04086299e-11  4.46313835e-12  1.00000000e+00  0.00000000e+00]
 [ 0.00000000e+00  0.00000000e+00  0.00000000e+00  1.00000000e+00]]
Start reading gg values
Transformation Matrix (graspnet to obj):
 [[-0.87937844 -0.43705547  0.18888126 -0.17033216]
 [ 0.42730972 -0.89943463 -0.09178165 -0.16948716]
 [ 0.20999999  0.          0.97770149  0.588     ]
 [ 0.          0.          0.          1.        ]]
Transformation Matrix (camera_color to obj):
 [[-4.27309720e-01  8.99434630e-01  9.17816500e-02  1.54687160e-01]
 [-8.79378440e-01 -4.37055470e-01  1.88881260e-01 -1.70332160e-01]
 [ 2.09999990e-01  9.27595684e-12  9.77701490e-01  5.88000000e-01]
 [ 0.00000000e+00  0.00000000e+00  0.00000000e+00  1.00000000e+00]]
Transformation Matrix (base to obj):
 [[ 0.85087243  0.50445109 -0.14678304  0.56268577]
 [ 0.49994662 -0.86331375 -0.06886847 -0.21043824]
 [-0.16146056 -0.01478541 -0.9867685  -0.07840108]
 [ 0.          0.          0.          1.        ]]
Debug Object
[INFO] [1741191944.543782]: Publishing transformation: base_link → obj
[INFO] [1741191944.545547]: Translation: [ 0.56268577 -0.21043824 -0.07840108]
[INFO] [1741191944.546953]: Quaternion: [ 0.96189327  0.26104708 -0.08011377  0.01405641]

