[INFO] [1740664067.988840]: Processing GraspNet output
Transformation Matrix (base to camera_color):
 [[-0.07982499  0.99674752 -0.0110611   0.36748869]
 [ 0.99680661  0.07979614 -0.00302583 -0.0851921 ]
 [-0.00213335 -0.01126732 -0.99993425  0.55266546]
 [ 0.          0.          0.          1.        ]]
Transformation Matrix (camera_color to camera_depth):
 [[ 1.00000000e+00  0.00000000e+00  0.00000000e+00  1.50000000e-02]
 [ 0.00000000e+00  1.00000000e+00  0.00000000e+00 -1.66533454e-16]
 [ 0.00000000e+00  0.00000000e+00  1.00000000e+00  1.11022302e-16]
 [ 0.00000000e+00  0.00000000e+00  0.00000000e+00  1.00000000e+00]]
Transformation Matrix (camera_depth to graspnet):
 [[-4.44089210e-16 -1.00000000e+00  3.35944588e-16  0.00000000e+00]
 [ 1.00000000e+00 -4.44089210e-16 -4.94180468e-16  0.00000000e+00]
 [ 4.94180468e-16  3.35944588e-16  1.00000000e+00  0.00000000e+00]
 [ 0.00000000e+00  0.00000000e+00  0.00000000e+00  1.00000000e+00]]
Start reading gg values
Transformation Matrix (graspnet to obj):
 [[-1.17947273e-01  9.90279675e-01 -7.37192333e-02  2.90096800e-02]
 [-5.24287462e-01  9.45851207e-04  8.51540804e-01  7.25084200e-02]
 [ 8.43333304e-01  1.39086977e-01  5.19079685e-01  6.02999990e-01]
 [ 0.00000000e+00  0.00000000e+00  0.00000000e+00  1.00000000e+00]]
Transformation Matrix (camera_color to obj):
 [[ 5.24287462e-01 -9.45851207e-04 -8.51540804e-01 -5.75084200e-02]
 [-1.17947273e-01  9.90279675e-01 -7.37192333e-02  2.90096800e-02]
 [ 8.43333304e-01  1.39086977e-01  5.19079685e-01  6.02999990e-01]
 [ 0.00000000e+00  0.00000000e+00  0.00000000e+00  1.00000000e+00]]
Transformation Matrix (base to obj):
 [[-0.16874309  0.98559586 -0.01124682  0.39432478]
 [ 0.51064969  0.07765682 -0.85627466 -0.14202659]
 [-0.84306739 -0.15023361 -0.5163983  -0.05049906]
 [ 0.          0.          0.          1.        ]]
Debug Object
[INFO] [1740664067.995588]: Publishing transformation: base_link → obj
[INFO] [1740664067.997734]: Translation: [ 0.39432478 -0.14202659 -0.05049906]
[INFO] [1740664067.999748]: Quaternion: [ 0.56347101  0.66385206 -0.37904088  0.31325525]
^CTarget Pose:
 position: 
  x: 0.39432478020705
  y: -0.14202658981293756
  z: -0.0504990562066715
orientation: 
  x: 0.5634710084651795
  y: 0.6638520552104671
  z: -0.3790408805880621
  w: 0.31325525164405243
Gripper Width:
 0.050081074237823486
